,count,mean,std,min,25%,50%,75%,max
grad1,2185984.0,5.308206533487496e-05,0.00036013461518100316,-0.008812681878306923,-5.754659513187469e-05,-3.3867739653218115e-05,6.305295449317568e-05,0.0036549543049543155
grad2,2185984.0,-0.00016739979355247264,0.00030124786539761515,-0.008958444888444833,-0.00023340725806451635,-0.000126535982810831,-6.346751078416344e-05,0.0015956285341452688
grad3,2185984.0,-6.819002236014397e-05,0.0002747208047376159,-0.008856746482683985,-0.0001333446122579803,-7.108794534989413e-05,-4.435030085560778e-05,0.0021777863777089736
ratio_1,2185984.0,1.0055950724783929,0.014363324511616506,0.9560993527929781,0.996303131353607,1.0064435955968678,1.016312802672536,1.2180677254022154
ratio_2,2185984.0,0.970657489952445,0.020497848879237394,0.5326068045134122,0.9581149370803203,0.9676070133987242,0.9828735884854471,1.0323947285900252
ratio_3,2185984.0,0.9655894498224268,0.02943287664732338,0.46888643466718627,0.945201305168561,0.9593908751489302,0.9868212855752367,1.049234340653366
beam_1,2185984.0,0.25268725334991726,0.29397254576090615,0.002000083317863657,0.04961020256606187,0.12840983873913045,0.36768338509316767,8.155185416666667
beam_2,2185984.0,0.25359398949116635,0.2969402009960289,0.0016877436719274855,0.04875025362022155,0.12819804155208997,0.36861962305986695,7.996557142857142
beam_3,2185984.0,0.2499395305972696,0.2960771976911211,0.0009639302127698876,0.04674840903525127,0.12349687622735858,0.36408874999999996,7.80237027027027
