,count,mean,std,min,25%,50%,75%,max
grad1,2290368.0,5.010684930657564e-05,0.00034921205050891514,-0.005626141826923077,-5.719919638829405e-05,-3.389794897919807e-05,6.203046360820753e-05,0.0038393097643097704
grad2,2290368.0,-0.0001669487987838013,0.0002916960313052552,-0.005862454212454147,-0.00023249843551546815,-0.00012683747452304134,-6.40440569482254e-05,0.001626663766855153
grad3,2290368.0,-6.929404753874409e-05,0.0002652714863498288,-0.005728469967532442,-0.00013326293533430725,-7.161775795291755e-05,-4.485665222526232e-05,0.0022679214748100177
ratio_1,2290368.0,1.0056318596096994,0.014215223012319785,0.9558495288109019,0.9963327798402701,1.0064690856470895,1.01633496142823,1.1172418496357368
ratio_2,2290368.0,0.9705587396720778,0.020129399184069228,0.7051506943338174,0.9581049675174137,0.9674285100042423,0.9824681941159897,1.2781012377975736
ratio_3,2290368.0,0.9654455281532832,0.02894195564249382,0.7023215994046138,0.945109903993778,0.9591832879195362,0.9864541193274359,1.243953540576362
beam_1,2290368.0,0.24801310257225345,0.2862513518412292,0.0033181754955693282,0.04947089038930789,0.1258522774327122,0.36013517786561267,5.09468125
beam_2,2290368.0,0.2488673720405707,0.28924040390742695,0.003109702380870059,0.0486281275226596,0.12548695799457993,0.3609167682926829,4.994485714285714
beam_3,2290368.0,0.2452223189728552,0.28848258259633297,0.002803466657024352,0.04663892871898142,0.12102714591352359,0.356197972972973,4.866848648648649
