,count,mean,std,min,25%,50%,75%,max
grad1,2185984.0,4.294417588701425e-05,0.0003906451023913775,-0.008631492371265087,-6.212534682271232e-05,-3.46919144255956e-05,5.999999999999998e-05,0.0036549543049543155
grad2,2185984.0,-0.00017455313919076805,0.0003310648235413666,-0.008584825783972091,-0.00024100338406812683,-0.0001307794079135536,-6.359174766587468e-05,0.0015956285341452688
grad3,2185984.0,-7.667875591344756e-05,0.00031072879791402844,-0.008583183441558418,-0.0001417843895214697,-7.298002171143042e-05,-4.420074701285132e-05,0.0021777863777089736
ratio_1,2185984.0,1.0058472236705867,0.01414884039645677,0.944848652780164,0.9966357741482372,1.0067254436783968,1.0163907681630282,1.2198772203842192
ratio_2,2185984.0,0.9719015423917508,0.019987576025393857,0.5326068045134122,0.95990575589352,0.9690745986779982,0.9836287522203127,1.151806225740288
ratio_3,2185984.0,0.9665801919298226,0.02903037473786757,0.46888643466718627,0.9464713703005558,0.9607685515503706,0.9872361371682712,1.124753680328349
beam_1,2185984.0,0.26164052549900657,0.3110371611563086,0.002000083317863657,0.05104977569780907,0.14861022727272727,0.37251090909090906,7.855141666666667
beam_2,2185984.0,0.26236521202480345,0.31288626800410796,0.0016877436719274855,0.050203272672204424,0.14814268292682928,0.37329268292682927,7.706485714285715
beam_3,2185984.0,0.25855300610452847,0.3110641532761945,0.0009639302127698876,0.04823476445576322,0.14342967032967036,0.3686027027027027,7.523578378378378
